 A = 
 2.0000 3.0000 -2.0000
 3.0000 1.0000 0.0000
 -3.0000 -3.0000 3.0000


==========Eigen values================


 v = 					 d=
0.5603 0.6221 0.0000 		 6.4051 0.0000 0.0000
0.3110 -0.7759 0.5547 		 0.0000 -1.4051 0.0000
-0.7677 -0.1048 0.8321 		 0.0000 0.0000 1.0000


==========QR Iteration================


 Q = 					 R=
-0.4264 0.6597 0.6189 		 -4.6904 -3.8376 2.7716
-0.6396 -0.7037 0.3094 		 0.0000 2.0671 -2.1110
0.6396 -0.2639 0.7220 		 0.0000 0.0000 0.9283

 iter = 1 
A = 
6.2273 -1.1252 -2.0890
-2.6723 -0.8975 -0.8846
0.5937 -0.2450 0.6702

 Q = 					 R=
-0.9155 -0.3787 -0.1362 		 -6.8024 0.6989 1.5064
0.3928 -0.9143 -0.0983 		 0.0000 1.2818 1.5037
-0.0873 -0.1435 0.9858 		 0.0000 0.0000 1.0322

 iter = 2 
A = 
6.3703 1.7208 2.3427
0.3723 -1.3878 1.3563
-0.0901 -0.1481 1.0175

 Q = 					 R=
-0.9982 0.0570 0.0189 		 -6.3818 -1.6388 -2.4032
-0.0583 -0.9949 -0.0829 		 0.0000 1.4911 -1.3012
0.0141 -0.0838 0.9964 		 0.0000 0.0000 0.9458

 iter = 3 
A = 
6.4320 1.4683 -2.3795
-0.1054 -1.3744 -1.4200
0.0134 -0.0793 0.9423

 Q = 					 R=
-0.9999 -0.0162 -0.0031 		 -6.4329 -1.4905 2.3540
0.0164 -0.9980 -0.0609 		 0.0000 1.3526 1.3984
-0.0021 -0.0609 0.9981 		 0.0000 0.0000 1.0343

 iter = 4 
A = 
6.4027 1.4485 2.4601
0.0193 -1.4351 1.3135
-0.0021 -0.0630 1.0324

 Q = 					 R=
-1.0000 0.0030 0.0005 		 -6.4028 -1.4442 -2.4637
-0.0030 -0.9991 -0.0434 		 0.0000 1.4408 -1.3497
0.0003 -0.0434 0.9991 		 0.0000 0.0000 0.9756

 iter = 5 
A = 
6.4062 1.5306 -2.4017
-0.0048 -1.3809 -1.4109
0.0003 -0.0423 0.9747

 Q = 					 R=
-1.0000 -0.0007 -0.0001 		 -6.4062 -1.5316 2.4006
0.0007 -0.9995 -0.0307 		 0.0000 1.3804 1.3821
-0.0001 -0.0307 0.9995 		 0.0000 0.0000 1.0177

 iter = 6 
A = 
6.4050 1.4619 2.4470
0.0010 -1.4222 1.3390
-0.0001 -0.0313 1.0172

 Q = 					 R=
-1.0000 0.0001 0.0000 		 -6.4050 -1.4617 -2.4472
-0.0001 -0.9998 -0.0220 		 0.0000 1.4228 -1.3607
0.0000 -0.0220 0.9998 		 0.0000 0.0000 0.9876

 iter = 7 
A = 
6.4052 1.5141 -2.4145
-0.0002 -1.3926 -1.3916
0.0000 -0.0217 0.9874

 Q = 					 R=
-1.0000 -0.0000 -0.0000 		 -6.4052 -1.5142 2.4145
0.0000 -0.9999 -0.0156 		 0.0000 1.3927 1.3762
-0.0000 -0.0156 0.9999 		 0.0000 0.0000 1.0089

 iter = 8 
A = 
6.4051 1.4766 2.4378
0.0000 -1.4139 1.3543
-0.0000 -0.0157 1.0088

 Q = 					 R=
-1.0000 0.0000 0.0000 		 -6.4051 -1.4766 -2.4378
-0.0000 -0.9999 -0.0111 		 0.0000 1.4140 -1.3654
0.0000 -0.0111 0.9999 		 0.0000 0.0000 0.9937

 iter = 9 
A = 
6.4051 1.5036 -2.4212
-0.0000 -1.3988 -1.3810
0.0000 -0.0110 0.9936

 Q = 					 R=
-1.0000 -0.0000 -0.0000 		 -6.4051 -1.5036 2.4212
0.0000 -1.0000 -0.0079 		 0.0000 1.3988 1.3731
-0.0000 -0.0079 1.0000 		 0.0000 0.0000 1.0045

 iter = 10 
A = 
6.4051 1.4844 2.4330
0.0000 -1.4096 1.3621
-0.0000 -0.0079 1.0045


==========Symmetric example================

 A = 
 22.0000 18.0000 -13.0000
 18.0000 19.0000 -15.0000
 -13.0000 -15.0000 13.0000


==========Eigen values================


 v = 					 d=
0.2275 -0.7420 -0.6306 		 0.3811 0.0000 0.0000
-0.7348 0.2942 -0.6112 		 0.0000 4.3110 0.0000
-0.6390 -0.6024 0.4783 		 0.0000 0.0000 49.3079


==========QR Iteration================


 Q = 					 R=
-0.7038 0.6900 -0.1687 		 -31.2570 -29.8493 23.1948
-0.5759 -0.4152 0.7043 		 0.0000 -4.3610 4.9647
0.4159 0.5929 0.6896 		 0.0000 0.0000 0.5942

 iter = 1 

 A = 
48.8362 4.5762 0.2471
4.5762 4.7540 0.3523
0.2471 0.3523 0.4098

 Q = 					 R=
-0.9956 0.0934 0.0021 		 -49.0508 -5.0015 -0.2810
-0.0933 -0.9927 -0.0759 		 0.0000 -4.3187 -0.3577
-0.0050 -0.0757 0.9971 		 0.0000 0.0000 0.3824

 iter = 2 

 A = 
49.3043 0.4047 -0.0019
0.4047 4.3145 -0.0290
-0.0019 -0.0290 0.3813

 Q = 					 R=
-1.0000 0.0082 -0.0000 		 -49.3059 -0.4401 0.0022
-0.0082 -0.9999 0.0067 		 0.0000 -4.3111 0.0315
0.0000 0.0067 1.0000 		 0.0000 0.0000 0.3811

 iter = 3 

 A = 
49.3079 0.0354 0.0000
0.0354 4.3111 0.0026
0.0000 0.0026 0.3811

 Q = 					 R=
-1.0000 0.0007 0.0000 		 -49.3079 -0.0385 -0.0000
-0.0007 -1.0000 -0.0006 		 0.0000 -4.3110 -0.0028
-0.0000 -0.0006 1.0000 		 0.0000 0.0000 0.3811

 iter = 4 

 A = 
49.3079 0.0031 -0.0000
0.0031 4.3110 -0.0002
-0.0000 -0.0002 0.3811

 Q = 					 R=
-1.0000 0.0001 -0.0000 		 -49.3079 -0.0034 0.0000
-0.0001 -1.0000 0.0001 		 0.0000 -4.3110 0.0002
0.0000 0.0001 1.0000 		 0.0000 0.0000 0.3811

 iter = 5 

 A = 
49.3079 0.0003 0.0000
0.0003 4.3110 0.0000
0.0000 0.0000 0.3811
